3011       
  1.1055  0.3915  0.3793 -0.0029  0.0036 -0.0049
  0.3915  1.2506  0.3940  0.0058 -0.0014 -0.0057
  0.3793  0.3940  1.2390  0.0060 -0.0065  0.0022
 -0.0029  0.0058  0.0060  0.4305 -0.0024 -0.0012
  0.0036 -0.0014 -0.0065 -0.0024  0.3768  0.0000
 -0.0049 -0.0057  0.0022 -0.0012  0.0000  0.3760
