3123
  1.3091  0.5509  0.5614  0.0008 -0.0119 -0.0063
  0.5509  1.5605  0.5667 -0.0129 -0.0068 -0.0039
  0.5614  0.5667  1.5266 -0.0135 -0.0650  0.0055
  0.0008 -0.0129 -0.0135  0.4878  0.0016 -0.0294
 -0.0119 -0.0068 -0.0650  0.0016  0.4040  0.0013
 -0.0063 -0.0039  0.0055 -0.0294  0.0013  0.4000
