3034
   1.1830   .4404   .4396   .0010  -.0130  -.0110
    .4404  1.3171   .4501   .0027  -.0084  -.0191
    .4396   .4501  1.2101   .0009  -.0131  -.0055
    .0010   .0027   .0009   .4007  -.0017  -.0027
   -.0130  -.0084  -.0131  -.0017   .3818   .0023
   -.0110  -.0191  -.0055  -.0027   .0023   .3918
