3034
   1.0676   .3790   .3855   .0007  -.0035  -.0022
    .3790  1.2476   .3947   .0028  -.0054  -.0014
    .3855   .3947  1.2018   .0087  -.0068  -.0003
    .0007   .0028   .0087   .4176  -.0021   .0016
   -.0035  -.0054  -.0068  -.0021   .3794  -.0010
   -.0022  -.0014  -.0003   .0016  -.0010   .3694
