3034
   1.1853   .4575   .4521  -.0014  -.0040  -.0061
    .4575  1.3336   .4722  -.0044  -.0073  -.0015
    .4521   .4722  1.2738  -.0017  -.0050  -.0052
   -.0014  -.0044  -.0017   .4149  -.0014   .0045
   -.0040  -.0073  -.0050  -.0014   .3881  -.0022
   -.0061  -.0015  -.0052   .0045  -.0022   .3919
